% -------------------------------------------------------------------
%  Generated by MATLAB on 4-Mar-2024 00:18:31
%  MATLAB version: 9.4.0.813654 (R2018a)
% -------------------------------------------------------------------
                                   

M = ...
  [3 2 1 4;
   -3 -2 -1 -4;
   -3 -2 -1 -4;
   3 2 1 4];

